SampleID	CONTIG COUNT	TOTAL LENGTH	MIN	MAX	MEDIAN	MEAN	L50	N50	L90	N90	GC%	T2T SCAFFOLDS	TELOMERE FWD	TELOMERE REV	BUSCO_Complete	BUSCO_Single	BUSCO_Duplicate	BUSCO_Fragmented	BUSCO_Missing	BUSCO_NumGenes	Mapped_reads	Average_Coverage
1371NJ	2564	14947147	500	145733	757	5829.62	120	38507	572	1869	38.68	0	6	6	15	15	0	0.2	84.8	3546	10267071	95.2
1436BN	797	14333950	502	101776	10755	17984.88	130	34703	412	10069	37.05	0	6	7	19.3	19.2	0.1	0.1	80.6	3546	15130982	139.4
1556-ZM	1163	11733028	500	90328	5757	10088.59	171	20244	654	4928	34.64	0	4	0	11.6	11.6	0	0.1	88.3	3546	10271254	130.4
1704DA	1983	19474512	490	141890	4941	9820.73	247	22017	1043	4569	38.94	0	11	3	37	36.9	0.1	0.2	62.8	3546	7626995	58.4
19VMG-15	3950	26854388	500	96300	3054	6798.58	410	17094	1987	3020	40.65	0	8	7	56.1	56	0.1	0.2	43.7	3546	19630532	108.9
20VMK11	2088	24788448	501	136123	5818	11871.86	279	26568	1027	5923	37.93	0	5	5	32.6	32.6	0	0.1	67.3	3546	26391907	142.9
297-CGG	1455	16596261	502	120738	6170	11406.36	206	23993	790	5471	38.11	0	2	10	28.2	28.2	0	0.2	71.6	3546	14588686	131
302-FLL	472	10377443	521	192988	10838	21986.11	67	48501	237	10805	40.13	0	6	3	22.3	22.3	0	0.2	77.5	3546	10591877	152.1
302FLL	1109	17517882	501	130977	8005	15796.11	162	31879	581	7522	33.92	0	8	5	18.4	18.4	0	0.1	81.5	3546	10677753	85.8
355UP	1525	14390243	503	166921	5196	9436.22	201	19006	862	4384	37.31	0	3	4	21.1	21.1	0	0.2	78.7	3546	7501244	77.7
46SS	731	11720360	501	122498	8507	16033.32	110	33466	344	9837	35.55	0	8	4	13	13	0	0.1	86.9	3546	13948082	158.4
47B	1613	16307935	500	110240	5374	10110.31	220	21393	874	4917	37.2	0	8	2	23.9	23.9	0	0.1	76	3546	7941606	72.6
602-TD	1577	20340892	500	142622	7096	12898.47	230	24560	892	5814	36.18	0	6	5	33.4	33.3	0.1	0.2	66.4	3546	15998646	117.2
811-ND	1988	21354542	500	96119	6124	10741.72	288	19396	1141	5092	37.23	1	7	9	32.9	32.8	0.1	0.1	67	3546	16894524	117.9
HISSP-B05181-xx-CL-CIV-xxxx-036-BB	1371	17936929	500	111762	6094	13083.1	191	30089	641	7087	36.2	0	7	9	21.2	21.1	0.1	0.1	78.7	3546	6859030	57.7
HISSP-CM5788-xx-CL-xxx-xxxx-036-BB	527	12296615	502	118083	13788	23333.24	92	46644	271	13076	39.55	0	6	29	29	0	0.1	70.9	3546	9004210	110.6
HISSP-CM7001-xx-CL-GNQ-xxxx-036-BB	1137	14730006	500	132642	5646	12955.15	138	32639	505	7194	35.38	0	7	15.7	15.7	0	0.1	84.2	3546	3870306	39.7
HISSP-CM7255-xx-CL-xxx-xxxx-036-BB	110	195555	503	8518	1265	1777.77	27	2100	84	926	38.08	0	0	0	0	100	3546	895151	691.2
HISSP-CM7256-xx-CL-SEN-xxxx-036-BB	11079	59797550	500	115608	2409	5397.38	1286	11809	5606	2367	39.59	0	12	12	86.4	86.4	0	0.5	13.1	3546	10006569	25.3
HISSP-CM7434-xx-CL-ZAF-xxxx-036-BB	1015	14107512	500	142143	7639	13899.03	151	29815	488	8216	37.09	0	5	20.9	20.8	0.1	0	79.1	3546	4508110	48.3
Hc1986	2494	13112348	500	97040	1578	5257.56	237	14525	1037	2488	38.64	0	1	3	15.8	15.8	0	0.1	84.1	3546	15785130	180.6
HcMV3	169	5667839	500	215653	11162	33537.51	21	90978	67	24509	36.65	0	2	2	8.1	8.1	0	0.1	91.8	3546	9498916	251.4
HcMZ5	1419	14256302	500	267641	3640	10046.72	116	29707	629	4638	39.27	0	5	2	29.6	29.6	0	0.2	70.2	3546	11972361	126
Histo-485P20	3072	27883269	394	116993	4839	9076.58	448	18566	1561	4700	46.98	2	22	17	94.8	94.6	0.2	0.5	4.7	3546	28617184	153.9
JB_00334-Hc_00334	3	11206	564	10076	566	3735.33	1	10076	2	566	53.47	0	0	0	0	0	0	100	3546	28325	758.3
JB_01752-Hc_01752	11303	23508609	500	30268	1524	2079.86	2510	2926	7856	950	47.46	0	44	49	74.5	74.4	0.1	10.1	15.4	3546	758242	9.7
JB_021091-Hc_021091	6069	22583691	500	27710	2618	3721.16	1205	5896	3816	1819	48.94	0	30	21	88.7	88.6	0.1	4.3	7	3546	966375	12.8
JB_031457-Hc_031457	18337	22110550	500	7812	965	1205.79	5169	1378	14494	655	46.15	0	48	54	36.8	36.7	0.1	19.7	43.5	3546	418433	5.7
JB_031837-Hc_031837	15011	27508086	496	45419	1148	1832.53	2923	2739	10480	758	47.23	2	60	48	70.6	70.5	0.1	13.4	16	3546	770773	8.4
JB_031842-Hc_031842	10463	7524283	500	4449	646	719.13	4023	704	9001	531	51.12	0	19	18	9.4	9.4	0	12.9	77.7	3546	104707	4.2
JB_042247-Hc_042247	13601	24167419	500	13911	1388	1776.89	3391	2294	9998	869	48.71	0	36	35	68	67.9	0.1	13.8	18.2	3546	612698	7.6
JB_042430-Hc_042430	4426	26691293	500	47578	3953	6030.57	763	10947	2477	3193	46.87	0	16	21	95.7	95.6	0.1	1.2	3.1	3546	1194608	13.4
JB_042447-Hc_042447	20252	24125140	499	11382	944	1191.25	5670	1365	16014	644	46.37	2	57	62	43.9	43.8	0.1	19.5	36.6	3546	558468	6.9
JB_062632-Hc_062632	13657	25946185	500	16418	1400	1899.85	3112	2560	9789	884	46.39	0	44	54	65.4	65.3	0.1	14.6	20	3546	685638	7.9
JB_062715-Hc_062715	1	8044	8044	8044	8044	8044	1	8044	1	8044	53.98	0	0	0	0	0	0	100	3546	14938	557.1
JB_062747-Hc_062747	509	302876	500	8094	549	595.04	221	559	449	509	49.11	0	0	0	0	0	0	0.2	99.8	3546	48574	48.1
JB_062770-Hc_062770	1	8350	8350	8350	8350	8350	1	8350	1	8350	54.04	0	0	0	0	0	0	100	3546	21500	772.5
JB_062774-Hc_062774	19680	24375404	500	15679	977	1238.59	5414	1428	15477	664	45.05	0	56	52	38.2	38.2	21.2	40.6	3546	532518	6.6
JB_062775-Hc_062775	7035	25015646	500	35751	2572	3555.88	1447	5474	4505	1763	47.48	0	31	29	92.4	92.4	3.5	4.1	3546	1169825	14
JB_062775_2-Hc_062775_2	4714	3200693	499	8022	613	678.98	1876	653	4088	523	48.06	1	10	9	1.7	1.7	0	4.7	93.6	3546	47617	4.5
JB_073061-Hc_073061	25480	24293532	500	10595	807	953.44	8242	1004	20994	586	45.36	1	84	75	26	25.9	0.1	22.1	51.9	3546	781251	9.6
JB_073062-Hc_073062	2	8850	702	8148	8148	4425	1	8148	1	8148	52.41	0	0	0	0	0	0	100	3546	15287	518.2
JB_073067-Hc_073067	9354	13189328	500	11544	1034	1410.02	2300	1748	7113	694	47.62	0	30	26	30.2	30.1	0.1	11.5	58.3	3546	734457	16.7
JB_073069-Hc_073069	13570	10575007	500	15636	682	779.29	4912	769	11535	541	45.41	0	37	53	6	6	10.7	83.3	3546	264448	7.5
JB_073069_2-Hc_073069_2	91	67098	500	8714	552	737.34	29	584	78	517	47.51	0	0	0	0	0	0	100	3546	33869	151.4
JB_073092-Hc_073092	13494	14085333	500	8272	863	1043.82	4134	1137	10955	610	49.16	1	39	35	30.2	30.2	14.7	55.1	3546	462113	9.8
JB_073093-Hc_073093	2	8753	592	8161	8161	4376.5	1	8161	1	8161	52.34	0	0	0	0	0	0	100	3546	11860	406.5
JB_073094-Hc_073094	5	31206	560	10252	6238	6241.2	2	8050	4	6106	47.91	0	0	0	0	0	0	100	3546	51729	497.3
JB_073104-Hc_073104	5626	3808483	500	7909	618	676.94	2263	657	4881	524	46.95	0	18	18	1.2	1.2	0	4.2	94.6	3546	80812	6.4
JB_073104_2-Hc_073104_2	20980	21838986	500	6077	876	1040.94	6540	1122	17062	615	44.16	0	50	69	19.9	19.9	19.1	61	3546	433700	6
JB_073105-Hc_073105	15294	12887150	500	7483	730	842.63	5311	855	12852	557	45.22	0	39	49	8.9	8.9	13.6	77.5	3546	204222	4.8
JB_073107-Hc_073107	18235	20172266	496	10192	911	1106.24	5426	1230	14639	628	47.31	0	52	59	33.8	33.7	0.1	20.2	46	3546	403861	6
JB_073124-Hc_073124	12505	27706883	500	19369	1549	2215.66	2660	3174	8682	1003	45.67	0	39	35	72	71.9	0.1	13	15	3546	733062	7.9
JB_073129-Hc_073129	11540	23705142	500	18196	1447	2054.17	2493	2890	8135	929	48.17	0	22	25	68.5	68.3	0.2	12.2	19.3	3546	727985	9.2
JB_083285-Hc_083285	18401	18345961	500	21014	813	997.01	5611	1055	15027	592	46.06	1	58	66	20.7	20.7	18.8	60.5	3546	386101	6.3
JB_083285_2-Hc_083285_2	8363	27324225	500	35750	2040	3267.28	1504	5506	5182	1413	46.23	0	27	24	85.7	85.6	0.1	6.7	7.6	3546	864792	9.5
JB_083376-Hc_083376	3	20121	512	11660	7949	6707	1	11660	2	7949	50.89	0	0	0	0	0	0	100	3546	55060	820.9
JB_083379-Hc_083379	2	17881	8230	9651	9651	8940.5	1	9651	2	8230	51.13	0	0	0	0	0	0	100	3546	39498	662.7
JB_083466-Hc_083466	3	12598	1504	7621	3473	4199.33	1	7621	3	1504	43.9	0	0	0	0	0	0	100	3546	7217	171.9
JB_083470-Hc_083470	2	13134	5185	7949	7949	6567	1	7949	2	5185	50.79	0	0	0	0	0	0	100	3546	56589	1292.6
JB_093494-Hc_093494	3	12488	1183	7685	3620	4162.67	1	7685	2	3620	46.84	0	0	0	0	0	0	100	3546	18144	435.9
JB_093543-Hc_093543	4	14430	1443	7949	3567	3607.5	1	7949	3	1471	50.11	0	0	0	0	0	0	100	3546	40526	842.5
JB_093635-Hc_093635	8965	12802717	500	11842	1066	1428.08	2262	1726	6868	723	49.19	0	33	24	33	33	12.1	54.9	3546	786883	18.4
JB_103664-Hc_103664	12899	9995415	500	4652	685	774.9	4718	771	10976	542	48.17	0	32	39	9	8.9	0.1	12.5	78.5	3546	179416	5.4
JB_1139-Hc_1139	1	8140	8140	8140	8140	8140	1	8140	1	8140	54.41	0	0	0	0	0	0	0	100	3546	9207	339.3
JB_124224-Hc_124224	15847	13212520	500	6171	728	833.76	5578	841	13345	558	47.06	0	43	66	13.6	13.6	14.9	71.5	3546	206506	4.7
JB_175703-Hc_175703	18130	18466579	500	7829	854	1018.56	5683	1104	14763	604	46.96	0	55	68	26.1	26.1	19.2	54.7	3546	327134	5.3
SECH_100-Nam2_G186A	910	15523090	500	139390	11875	17058.34	178	28399	536	9098	42.69	0	5	7	45.3	45.1	0.2	0.4	54.3	3546	12085349	97.3
SECH_101-Nam2_G184A	1826	23047687	504	82765	8592	12621.95	337	21861	1066	6545	44.08	0	11	11	72.3	72.2	0.1	0.8	26.9	3546	13541454	73.4
SECH_102-Nam2_505	18851	25902344	500	9905	1076	1374.06	4998	1640	14531	710	46.25	1	56	54	50.7	50.6	0.1	20.2	29.1	3546	20616306	99.5
SECH_103-Nam2_3_11G	1054	22365324	500	139978	15412	21219.47	198	36114	606	11362	40.42	0	5	7	62.1	62	0.1	0.4	37.5	3546	18046265	100.9
SECH_104-Nam2_27_14	1093	22134337	505	141233	12489	20250.99	190	37461	606	10499	42.55	0	10	10	61.1	61	0.1	0.5	38.4	3546	20586305	116.3
SECH_105-Nam2_21_14	1747	27911440	502	137632	10194	15976.78	308	28073	997	8252	42.26	0	7	4	78.6	78.5	0.1	0.6	20.8	3546	22321959	100
SECH_106-Hc_duboisii-A	1741	18920862	501	113246	5647	10867.81	240	22840	960	5075	39.38	0	11	0	38.3	38.2	0.1	0.3	61.4	3546	14909325	98.5
SECH_107-mis_Hc_duboisii-B	2040	22796384	501	85737	6116	11174.7	312	22195	1156	5241	40.56	0	9	3	51.1	51	0.1	0.7	48.2	3546	16759283	91.9
SECH_108	784	10762945	501	106443	7597	13728.25	117	30986	375	8549	40.87	0	7	5	26.1	26	0.1	0.2	73.7	3546	2797076	32.5
SECH_109	2828	23941220	486	90569	4367	8465.78	413	17885	1443	4221	45.84	0	8	18	78.5	78.4	0.1	0.5	21	3546	7352914	38.4
SECH_110	3430	22122765	500	85933	1795	6449.79	335	20494	1434	2504	45.24	0	6	5	70.8	70.8	0	0.6	28.6	3546	7887767	44.6
SECH_81-Nam1_WU24	3065	25299240	500	88170	4649	8254.24	476	16400	1629	4197	45.93	0	13	19	83.2	83.1	0.1	0.9	15.9	3546	21247111	105
SECH_82-Nam1_CI_4	5794	30504849	500	54892	2915	5264.9	892	9837	3383	2279	44.73	0	12	15	92.2	92	0.2	1.8	6	3546	19858397	81.4
SECH_83-Nam1_CI_7	3172	25548664	419	62256	4707	8054.43	503	15969	1721	4066	45.96	0	14	12	84.2	84.1	0.1	0.9	14.9	3546	21897725	107.1
SECH_84-Nam1_CI_19	3411	26273428	274	84995	4546	7702.56	540	14731	1868	3861	45.97	0	11	13	87.2	87.1	0.1	1.2	11.6	3546	24520364	116.7
SECH_85-Nam1_CI_22	2414	22986789	500	86314	5214	9522.28	365	19788	1247	4904	45.86	0	8	16	75.6	75.5	0.1	0.5	23.9	3546	22964394	124.9
SECH_86-Nam1_CI_24	2483	23642194	483	116940	5104	9521.62	367	19524	1277	4827	45.91	0	15	9	78.1	77.8	0.3	0.6	21.3	3546	28397769	150.1
SECH_87-Nam1_CI_42	3311	26104414	486	67912	4724	7884.15	527	14965	1810	3982	45.97	0	15	11	86.6	86.5	0.1	1	12.4	3546	25360637	121.4
SECH_88-Nam1_CI_43	2809	24728358	500	95775	4959	8803.26	433	17246	1497	4402	45.95	0	12	13	81.3	81.2	0.1	0.6	18.1	3546	28456540	143.8
SECH_89-Nam1_UCLA-531	2603	24242909	500	88930	5136	9313.45	407	18526	1391	4590	45.89	0	14	11	79.4	79.3	0.1	0.9	19.7	3546	27744575	143.1
SECH_90-Nam1_DOWNS	2599	23877588	500	76940	4654	9187.22	378	19425	1317	4561	45.91	0	9	14	78	77.8	0.2	0.6	21.4	3546	18867082	98.8
SECH_91-Nam2_G217B	4455	29536869	500	67837	3845	6630.05	680	12534	2557	3003	44.57	0	11	9	87.6	87.5	0.1	1.4	11	3546	27595667	116.8
SECH_92-Nam2_G222B	4350	29369811	500	84073	3909	6751.68	670	12711	2489	3096	44.36	0	5	11	85.6	85.5	0.1	1	13.4	3546	24375182	103.7
SECH_93-Nam2_CI_6	2933	23490257	500	85490	3482	8008.95	359	19534	1428	3674	45.06	0	9	10	73.5	73.5	0.8	25.7	3546	21119791	112.4
SECH_94-Nam2_CI_9	2557	20117106	500	91988	2395	7867.46	263	24133	1072	3551	45.02	0	13	3	63.1	63	0.1	0.4	36.5	3546	16601527	103.2
SECH_95-Nam2_CI_10	3359	25330614	500	82337	3455	7541.12	424	17385	1717	3345	44.72	0	10	9	76.2	76.1	0.1	0.9	22.9	3546	19366784	95.6
SECH_96-Nam2_CI_17	3281	25723378	503	111831	3438	7840.1	404	18870	1674	3294	44.68	0	8	13	78.4	78.3	0.1	0.7	20.9	3546	18524736	90
SECH_97-Nam2_CI_18	3993	28021088	500	83507	3616	7017.55	563	14922	2186	3068	44.82	0	11	12	85.2	85.1	0.1	1.1	13.7	3546	21862667	97.5
SECH_98-Nam2_CI_30	3185	24080682	500	83737	2928	7560.65	392	18914	1493	3424	45.34	0	10	10	77.7	77.6	0.1	0.9	21.4	3546	19184060	99.6
SECH_99-Nam2_CI_35	5275	29248709	500	76428	2895	5544.78	755	11231	2945	2379	45.13	0	18	15	92.1	91.9	0.2	2	5.9	3546	16087672	68.8
